Basic Distance Vector Routing
-----------------------------------------------------------
Round 1
-----------------------------------------------------------
	Router 1:
	1	1,0 	-1,-1 	-1,-1 	
	2	-1,-1 	2,0 	-1,-1 	
	3	-1,-1 	-1,-1 	3,0 	


	Router 2:
	1	1,0 	2,1 	-1,-1 	
	2	-1,-1 	2,0 	-1,-1 	
	3	-1,-1 	-1,-1 	3,0 	


	Router 3:
	1	1,0 	2,1 	-1,-1 	
	2	1,1 	2,0 	3,1 	
	3	-1,-1 	-1,-1 	3,0 	


Round 2
-----------------------------------------------------------
	Router 1:
	1	1,0 	2,1 	-1,-1 	
	2	1,1 	2,0 	3,1 	
	3	-1,-1 	2,1 	3,0 	


	Router 2:
	1	1,0 	2,1 	2,2 	
	2	1,1 	2,0 	3,1 	
	3	-1,-1 	2,1 	3,0 	


	Router 3:
	1	1,0 	2,1 	2,2 	
	2	1,1 	2,0 	3,1 	
	3	-1,-1 	2,1 	3,0 	


Round 3
-----------------------------------------------------------
	Router 1:
	1	1,0 	2,1 	2,2 	
	2	1,1 	2,0 	3,1 	
	3	2,2 	2,1 	3,0 	


	Router 2:
	1	1,0 	2,1 	2,2 	
	2	1,1 	2,0 	3,1 	
	3	2,2 	2,1 	3,0 	


	Router 3:
	1	1,0 	2,1 	2,2 	
	2	1,1 	2,0 	3,1 	
	3	2,2 	2,1 	3,0 	


Round 4
-----------------------------------------------------------
	Router 1:
	1	1,0 	2,1 	2,2 	
	2	1,1 	2,0 	3,1 	
	3	2,2 	2,1 	3,0 	


	Router 2:
	1	1,0 	2,1 	2,2 	
	2	1,1 	2,0 	3,1 	
	3	2,2 	2,1 	3,0 	


	Router 3:
	1	1,0 	2,1 	2,2 	
	2	1,1 	2,0 	3,1 	
	3	2,2 	2,1 	3,0 	


Round 5
-----------------------------------------------------------
	Router 1:
	1	1,0 	2,1 	-1,-1 	
	2	1,1 	2,0 	3,1 	
	3	-1,-1 	2,1 	3,0 	


	Router 2:
	1	1,0 	2,1 	3,1 	
	2	1,1 	2,0 	3,1 	
	3	-1,-1 	2,1 	3,0 	


	Router 3:
	1	1,0 	2,1 	3,1 	
	2	1,1 	2,0 	3,1 	
	3	-1,-1 	2,1 	3,0 	


Round 6
-----------------------------------------------------------
	Router 1:
	1	1,0 	2,1 	3,1 	
	2	1,1 	2,0 	3,1 	
	3	1,1 	2,1 	3,0 	


	Router 2:
	1	1,0 	2,1 	3,1 	
	2	1,1 	2,0 	3,1 	
	3	1,1 	2,1 	3,0 	


	Router 3:
	1	1,0 	2,1 	3,1 	
	2	1,1 	2,0 	3,1 	
	3	1,1 	2,1 	3,0 	


Basic Distance Vector Routing (Final Output):
	1	1,0 	2,1 	3,1 	
	2	1,1 	2,0 	3,1 	
	3	1,1 	2,1 	3,0 	

 
 
 
Split Horizon
-----------------------------------------------------------
Round 1
-----------------------------------------------------------
	Router 1:
	1	1,0 	-1,-1 	-1,-1 	
	2	-1,-1 	2,0 	-1,-1 	
	3	-1,-1 	-1,-1 	3,0 	


	Router 2:
	1	1,0 	2,1 	-1,-1 	
	2	-1,-1 	2,0 	-1,-1 	
	3	-1,-1 	-1,-1 	3,0 	


	Router 3:
	1	1,0 	2,1 	-1,-1 	
	2	1,1 	2,0 	3,1 	
	3	-1,-1 	-1,-1 	3,0 	


Round 2
-----------------------------------------------------------
	Router 1:
	1	1,0 	2,1 	-1,-1 	
	2	1,1 	2,0 	3,1 	
	3	-1,-1 	2,1 	3,0 	


	Router 2:
	1	1,0 	2,1 	2,2 	
	2	1,1 	2,0 	3,1 	
	3	-1,-1 	2,1 	3,0 	


	Router 3:
	1	1,0 	2,1 	2,2 	
	2	1,1 	2,0 	3,1 	
	3	-1,-1 	2,1 	3,0 	


Round 3
-----------------------------------------------------------
	Router 1:
	1	1,0 	2,1 	2,2 	
	2	1,1 	2,0 	3,1 	
	3	2,2 	2,1 	3,0 	


	Router 2:
	1	1,0 	2,1 	2,2 	
	2	1,1 	2,0 	3,1 	
	3	2,2 	2,1 	3,0 	


	Router 3:
	1	1,0 	2,1 	2,2 	
	2	1,1 	2,0 	3,1 	
	3	2,2 	2,1 	3,0 	


Round 4
-----------------------------------------------------------
	Router 1:
	1	1,0 	2,1 	2,2 	
	2	1,1 	2,0 	3,1 	
	3	2,2 	2,1 	3,0 	


	Router 2:
	1	1,0 	2,1 	2,2 	
	2	1,1 	2,0 	3,1 	
	3	2,2 	2,1 	3,0 	


	Router 3:
	1	1,0 	2,1 	2,2 	
	2	1,1 	2,0 	3,1 	
	3	2,2 	2,1 	3,0 	


Round 5
-----------------------------------------------------------
	Router 1:
	1	1,0 	2,1 	-1,-1 	
	2	1,1 	2,0 	3,1 	
	3	-1,-1 	2,1 	3,0 	


	Router 2:
	1	1,0 	2,1 	3,1 	
	2	1,1 	2,0 	3,1 	
	3	-1,-1 	2,1 	3,0 	


	Router 3:
	1	1,0 	2,1 	3,1 	
	2	1,1 	2,0 	3,1 	
	3	-1,-1 	2,1 	3,0 	


Round 6
-----------------------------------------------------------
	Router 1:
	1	1,0 	2,1 	3,1 	
	2	1,1 	2,0 	3,1 	
	3	1,1 	2,1 	3,0 	


	Router 2:
	1	1,0 	2,1 	3,1 	
	2	1,1 	2,0 	3,1 	
	3	1,1 	2,1 	3,0 	


	Router 3:
	1	1,0 	2,1 	3,1 	
	2	1,1 	2,0 	3,1 	
	3	1,1 	2,1 	3,0 	


Split Horizon (Final Output):
	1	1,0 	2,1 	3,1 	
	2	1,1 	2,0 	3,1 	
	3	1,1 	2,1 	3,0 	

 
 
 
Split Horizon with Poison
-----------------------------------------------------------
Round 1
-----------------------------------------------------------
	Router 1:
	1	1,0 	-1,-1 	-1,-1 	
	2	-1,-1 	2,0 	-1,-1 	
	3	-1,-1 	-1,-1 	3,0 	


	Router 2:
	1	1,0 	2,1 	-1,-1 	
	2	-1,-1 	2,0 	-1,-1 	
	3	-1,-1 	-1,-1 	3,0 	


	Router 3:
	1	1,0 	2,1 	-1,-1 	
	2	1,1 	2,0 	3,1 	
	3	-1,-1 	-1,-1 	3,0 	


Round 2
-----------------------------------------------------------
	Router 1:
	1	1,0 	2,1 	-1,-1 	
	2	1,1 	2,0 	3,1 	
	3	-1,-1 	2,1 	3,0 	


	Router 2:
	1	1,0 	2,1 	2,2 	
	2	1,1 	2,0 	3,1 	
	3	-1,-1 	2,1 	3,0 	


	Router 3:
	1	1,0 	2,1 	2,2 	
	2	1,1 	2,0 	3,1 	
	3	-1,-1 	2,1 	3,0 	


Round 3
-----------------------------------------------------------
	Router 1:
	1	1,0 	2,1 	2,2 	
	2	1,1 	2,0 	3,1 	
	3	2,2 	2,1 	3,0 	


	Router 2:
	1	1,0 	2,1 	2,2 	
	2	1,1 	2,0 	3,1 	
	3	2,2 	2,1 	3,0 	


	Router 3:
	1	1,0 	2,1 	2,2 	
	2	1,1 	2,0 	3,1 	
	3	2,2 	2,1 	3,0 	


Round 4
-----------------------------------------------------------
	Router 1:
	1	1,0 	2,1 	2,2 	
	2	1,1 	2,0 	3,1 	
	3	2,2 	2,1 	3,0 	


	Router 2:
	1	1,0 	2,1 	2,2 	
	2	1,1 	2,0 	3,1 	
	3	2,2 	2,1 	3,0 	


	Router 3:
	1	1,0 	2,1 	2,2 	
	2	1,1 	2,0 	3,1 	
	3	2,2 	2,1 	3,0 	


Round 5
-----------------------------------------------------------
	Router 1:
	1	1,0 	2,1 	-1,-1 	
	2	1,1 	2,0 	3,1 	
	3	-1,-1 	2,1 	3,0 	


	Router 2:
	1	1,0 	2,1 	3,1 	
	2	1,1 	2,0 	3,1 	
	3	-1,-1 	2,1 	3,0 	


	Router 3:
	1	1,0 	2,1 	3,1 	
	2	1,1 	2,0 	3,1 	
	3	-1,-1 	2,1 	3,0 	


Round 6
-----------------------------------------------------------
	Router 1:
	1	1,0 	2,1 	3,1 	
	2	1,1 	2,0 	3,1 	
	3	1,1 	2,1 	3,0 	


	Router 2:
	1	1,0 	2,1 	3,1 	
	2	1,1 	2,0 	3,1 	
	3	1,1 	2,1 	3,0 	


	Router 3:
	1	1,0 	2,1 	3,1 	
	2	1,1 	2,0 	3,1 	
	3	1,1 	2,1 	3,0 	


Split Horizon with Poison (Final Output):
	1	1,0 	2,1 	3,1 	
	2	1,1 	2,0 	3,1 	
	3	1,1 	2,1 	3,0 	

 
 
 
